precisionLog = [0.88 0.89 0.91 0.92 0.92];
precisionDT = [0.89 0.92 0.93 0.96 0.98];
recallLog = [0.89 0.90 0.92 0.92 0.92];
recallDT = [0.90 0.92 0.93 0.96 0.98];
f1Log = [0.88 0.89 0.91 0.92 0.92];
f1DT = [0.89 0.91 0.93 0.96 0.98];